1.536965
0.031025
2.815383
1.822669
-1.096912
1.814890
-0.068844
3.571525
-1.129642
-1.720107
3.428216
0.275285
0.541984
1.513647
0.017109
1.153916
4.105256
0.994761
1.003353
-0.496185
-0.114108
0.294689
3.158689
2.977190
0.209942
-1.024611
-0.144041
2.505352
-3.492407
0.389530
3.160497
0.103203
1.694748
2.262596
0.600807
0.459298
1.864164
3.005143
-0.592141
2.801037
-0.448687
3.390276
0.412618
-0.554307
1.413269
1.332473
2.217977
2.341267
0.720545
1.171538
2.880231
1.885307
-0.116190
2.959779
0.242909
0.490929
1.093728
0.316014
-0.422427
0.326434
1.217317
2.610349
0.211443
-0.751377
0.542005
0.061417
2.511718
1.346735
0.390467
0.396001
2.147463
1.632370
1.855467
2.448658
0.593451
-0.709174
3.989103
-0.184864
2.241901
0.517886
0.046754
2.177424
-0.405768
-0.375772
2.366986
0.212258
0.530728
-0.249833
-0.562718
2.410196
2.466615
-1.056023
1.322270
1.488454
1.974284
1.175778
-0.032067
2.057277
2.148550
2.508722
2.306534
2.135293
3.187361
-2.445148
0.690299
-0.316031
0.671398
-0.486446
2.327305
2.055336
1.896470
3.525784
1.729105
0.617723
0.770792
-0.258788
0.333010
0.795351
-0.210526
1.320251
-1.068280
-0.352478
2.013650
1.164111
1.328729
-0.134508
-0.243259
1.850879
4.152255
0.791067
2.599794
0.004405
1.121124
0.542621
1.483929
-0.392937
1.400470
-0.655020
2.367438
0.224893
-0.169757
-0.309757
0.262339
2.824082
0.187060
1.457765
0.134210
2.214738
4.207590
-0.729122
2.851716
-0.628742
2.666389
1.238156
0.694581
2.692575
0.061422
0.111450
2.187063
1.468803
1.502677
2.030854
-1.252190
-0.372732
1.551209
-0.653449
1.774908
0.188613
1.169482
1.212670
1.628267
2.696539
2.990773
1.011634
-0.091601
1.190621
2.121274
-0.492694
2.954919
1.297398
0.381311
0.007397
0.064403
0.068137
-0.667790
2.493990
2.033168
-1.551904
1.541313
1.859949
1.075904
0.433274
0.238294
3.426994
-1.486419
0.409503
4.253968
0.354961

